       0              1
      20    0.939692621
      40    0.766044443
      60            0.5
      80    0.173648178
     100   -0.173648178
     120           -0.5
     140   -0.766044443
     160   -0.939692621
     180             -1
     200   -0.939692621
     220   -0.766044443
     240           -0.5
     260   -0.173648178
     280    0.173648178
     300            0.5
     320    0.766044443
     340    0.939692621
     360              1
     380    0.939692621
     400    0.766044443
     420            0.5
     440    0.173648178
     460   -0.173648178
     480           -0.5
     500   -0.766044443
     520   -0.939692621
     540             -1
